[gd_scene load_steps=3 format=2]

[ext_resource path="res://materials/black_material.tres" type="Material" id=1]
[ext_resource path="res://materials/red_material.tres" type="Material" id=2]

[node name="BellTower" type="Spatial"]

[node name="CSGCombiner" type="CSGCombiner" parent="."]
transform = Transform( 1, 0, 0, 0, 1, 0, 0, 0, 1, 0, 1.3774, 0 )
material_override = ExtResource( 1 )

[node name="CSGCylinder" type="CSGCylinder" parent="CSGCombiner"]

[node name="CSGCylinder3" type="CSGCylinder" parent="CSGCombiner"]
transform = Transform( 1, 0, 0, 0, 1, 0, 0, 0, 1, 0, -0.515688, 0 )
radius = 1.07627
height = 0.309821

[node name="CSGCylinder2" type="CSGCylinder" parent="CSGCombiner"]
transform = Transform( 1, 0, 0, 0, 1, 0, 0, 0, 1, 0, 0.645541, 0 )
radius = 0.902793

[node name="CSGCylinder4" type="CSGCylinder" parent="CSGCombiner"]
transform = Transform( 1, 0, 0, 0, 1, 0, 0, 0, 1, 0, -0.0818296, 0 )
operation = 2
radius = 0.775669
height = 1.83048

[node name="CSGSphere" type="CSGSphere" parent="CSGCombiner"]
transform = Transform( 1, 0, 0, 0, 1, 0, 0, 0, 1, 0, 0.978419, 0 )
radius = 0.837169

[node name="CSGCombiner2" type="CSGCombiner" parent="."]

[node name="CSGBox" type="CSGBox" parent="CSGCombiner2"]
width = 3.03173
height = 8.29645
depth = 2.98022

[node name="CSGBox2" type="CSGBox" parent="CSGCombiner2"]
transform = Transform( 1, 0, 0, 0, 1, 0, 0, 0, 1, 0, 1.3525, 0 )
operation = 2
width = 1.96237
height = 2.60986
depth = 4.57849

[node name="CSGCylinder" type="CSGCylinder" parent="CSGCombiner2"]
transform = Transform( -0.58976, -3.53004e-08, -0.807578, -0.807578, 2.57792e-08, 0.58976, 0, 1, -4.37114e-08, 0, 2.66693, 0 )
operation = 2
height = 4.81085

[node name="CSGBox3" type="CSGBox" parent="CSGCombiner2"]
transform = Transform( -4.37114e-08, 0, -1, 0, 1, 0, 1, 0, -4.37114e-08, 0, 1.3525, 0 )
operation = 2
width = 1.96237
height = 2.60986
depth = 4.57849

[node name="CSGCylinder2" type="CSGCylinder" parent="CSGCombiner2"]
transform = Transform( -4.37114e-08, -1, 4.37114e-08, -0.97782, 3.35866e-08, -0.209448, 0.209448, -5.18971e-08, -0.97782, 0, 2.66693, 0 )
operation = 2
height = 4.81085

[node name="CSGCylinder3" type="CSGCylinder" parent="CSGCombiner2"]
transform = Transform( 0.707107, 0, -0.707107, 0, 1, 0, 0.707107, 0, 0.707107, 0, 5.56931, 0 )
radius = 1.99665
height = 2.934
sides = 4
cone = true
material = ExtResource( 2 )
